365
49 97 53 5 33 65 62 51 100 38 61 45 74 27 64 17 36 17 96 12 79 32 68 90 77 18
10162 3236 2416 10819 15471 18343 3299 11593 14226 10361 6700 18105 15630 14506 17083 8535 2040 17979 460 3056 13068 37 16173 10916 7992 10656
2063 6260 18596 7264 7818 4669 17792 14679 2988 2636 10487 16644 16032 3573 9877 18063 9538 4089 17938 10903 17704 6658 19765 17931 19255 9425
14581 3002 19539 12612 10388 18862 7933 9513 6025 6205 6118 1080 8521 15614 2263 2943 4267 4900 1266 2629 17714 12821 17189 9031 17098 7716
7051 19326 13743 18995 9018 14764 16143 11710 2699 10627 3779 15939 19237 10986 6238 7963 531 8881 3838 7224 12191 5586 10896 13963 2037 3296
4795 7168 1482 18804 17504 19731 2424 874 4077 6177 19868 18872 3922 12819 2999 12128 3802 1192 19841 708 6376 6061 4059 15703 6900 2001
746 17833 13946 3325 8517 2293 7236 2358 9865 11478 14289 5908 2000 16503 15306 1290 19545 3306 12821 6532 8524 11749 15408 18670 5551 6665
1902 5184 5306 11216 17349 8214 3840 19555 14493 5728 432 15454 13431 18648 16665 10205 11703 12735 8222 5027 18369 407 15006 2591 11007 1497
17836 9203 4418 7868 15788 11541 19992 9433 11770 19342 4336 10167 12714 13579 2645 49 19483 6301 10957 5245 7845 7310 14684 12407 18617 13579
1033 13181 18594 13704 1532 5428 14593 2093 8494 5167 14626 17287 15966 18396 19791 2 1275 16206 10680 10225 15299 1633 13603 6160 17975 2735
4276 482 13166 13680 10360 111 6996 468 77 17312 3204 6240 3896 19934 6504 9909 9174 5971 3282 15584 12998 2665 715 9001 14843 3793
8404 4371 17067 11372 3771 5060 9122 608 1386 1332 6741 8508 18296 10312 12022 18594 1376 19909 16203 15029 14268 12204 17626 5842 6810 12306
19238 9536 291 4536 4948 8892 10925 11059 12032 3070 11083 1168 1350 8834 5369 4896 19118 9487 11826 12936 17972 4248 9614 3764 15665 7854
1581 10088 5884 17139 2322 9917 13211 10764 9805 13589 3560 3257 18377 15767 15532 11045 11260 4073 15698 3801 16309 13976 1239 9892 10979 5100
5457 18497 12306 2848 2157 2774 6489 7243 2003 12609 257 3213 12904 18234 17006 9496 14697 16011 19165 7118 13862 2741 12069 7213 8549 19176
5458 14130 6289 11747 3768 2092 905 17229 14798 6608 3896 16288 13040 8404 6790 1379 7074 4795 3428 6487 15021 12387 11850 17904 4958 3432
19537 15987 4862 18478 13300 13868 17079 16233 10566 16332 16339 6618 17786 19980 7168 318 11148 10428 10545 1162 17206 4861 8417 19745 5108 12419
19102 9646 15415 2174 2773 16925 1291 2174 7375 4276 1331 9845 500 14699 10832 5265 4876 15097 12167 16547 12524 17360 16463 1101 18804 2970
16973 19665 2502 13971 6753 9491 17544 19615 13691 15801 12732 19904 19214 7653 671 7 5962 9910 16608 18686 8338 10901 2150 16171 8585 9922
13371 12588 12572 2040 5367 4172 7829 9407 10945 1819 1177 15772 13692 4617 16116 19725 2674 4960 11559 13472 1152 15279 12670 15036 1541 3325
15430 4960 662 1063 19605 4348 10613 3450 17994 11359 6388 12563 16066 3637 1971 19992 15308 11071 4073 9711 4165 12702 9627 3983 17006 6197
1251 12845 14567 12175 6241 14924 11683 2468 1462 1310 15930 8368 873 17041 18653 18736 7077 7525 3063 16463 17160 13766 16616 10004 3717 4773
13958 18547 13829 2753 3432 13619 2061 3250 13604 5116 1006 14638 14125 13664 987 16273 10633 8276 2573 11550 2304 3977 11772 962 11319 11399
5829 326 7552 11986 2310 19549 4695 6815 105 6710 4036 235 9609 12095 807 19819 7630 4649 6127 14878 3682 15620 11286 8461 4265 915
6819 11869 10977 15511 9588 9710 18127 10714 6030 19432 2647 3361 17472 19033 10084 5125 12340 4814 4103 7301 10351 16657 7957 7754 6027 9537
12204 13755 1515 4333 19700 673 12904 2553 2398 4326 13770 9810 18047 13656 4662 19368 13834 9765 11618 2770 8128 14575 12099 17341 1895 12334
13389 276 13671 10507 14460 6684 12176 9611 15430 2983 6077 3559 9075 3675 18290 19842 5042 14619 13067 6074 13818 14146 5725 8125 14858 11153
17149 4671 11644 15153 2834 15836 6672 9657 60 14715 15139 254 7167 9783 3750 9868 17865 19960 5119 13900 15447 3032 16307 7614 17817 13281
9177 708 3959 8849 1328 8 8407 13055 17239 19058 12983 14568 3343 8277 11594 9286 6423 19510 2793 1161 2308 8601 10014 17486 11137 3872
17373 8160 5359 2231 13593 9492 9265 17033 4404 18808 17139 6890 17412 3450 13461 17811 13219 9129 9576 14495 12183 18619 4515 5146 4040 3949
12498 13147 19367 15333 4572 18337 9796 11601 15488 13602 7143 15621 16018 16435 10428 16145 1973 14548 9836 4679 16237 1717 7068 837 11645 15451
12811 331 17263 2177 2666 12947 210 11838 1349 3806 122 8858 9585 7428 4609 18771 9434 6265 3455 14221 15102 10819 12587 5513 10836 13818
14262 4850 14656 4833 17175 10357 4234 6844 6121 14553 11441 12742 14001 16120 12764 7214 6428 14394 6693 19219 1631 12725 1090 7668 2774 6119
11914 1867 5681 7637 9749 2838 16781 9320 11569 13481 15017 1767 16912 17930 14110 19036 14896 16062 8347 15586 7058 11049 8712 1383 1435 1722
5336 11462 126 9496 233 4600 2086 14016 7279 19943 12992 18276 7240 14866 6319 11124 19933 3353 19869 2805 10453 10581 17560 14933 10654 8372
944 17104 1453 6230 12081 2625 6867 17187 11329 6153 6606 8233 9873 10231 16937 12604 8344 15796 11270 7863 1458 10020 18087 2370 301 15103
16230 14358 1555 13504 16173 15090 14421 3870 2805 2669 7901 3235 5039 13566 6994 14438 2527 13989 18317 12926 1289 5910 8183 16056 7210 4197
9142 11537 10472 14248 3515 18253 9355 19991 17729 6592 9720 14476 16843 19813 15141 17569 8552 8930 7595 542 3890 3240 5654 13587 8151 7145
9324 211 17548 16884 14033 1630 3990 12605 8928 3874 18503 11760 7522 17912 9246 7260 7868 2122 16978 10076 10725 7654 12228 15737 9398 19072
5615 4498 507 18124 16542 10744 12025 19183 828 4254 12962 5087 5792 16727 2505 4442 6766 16277 18661 6994 7710 4329 7657 12602 11582 19939
19366 4343 16333 3539 852 17250 19533 11751 16030 14929 10115 414 7211 18203 5342 16210 15758 17892 10287 2581 8492 4503 19801 13167 6260 10368
9559 12585 1939 6837 1254 10327 8179 11244 14457 7402 8523 11277 5319 9991 556 11677 18795 17678 1906 4955 11580 720 16092 2009 804 7912
1473 407 7398 10704 2180 2044 11302 13849 4451 7095 14711 14261 4654 11732 10222 5797 10774 13390 12539 315 13411 8642 17488 17410 15160 1374
18505 4017 13399 12789 5613 101 16402 4529 16840 4855 2609 10815 7778 5776 8086 720 5532 18396 5515 2571 13997 19591 3396 14991 4917 19725
1312 8273 11149 12337 893 1190 16264 2936 11742 9592 4941 15011 7738 16627 11659 5317 13261 11063 8842 16132 12864 484 10183 17378 9444 18037
15365 1144 17425 18694 18091 8599 1255 14939 12945 3932 13231 11357 16253 1676 677 8947 1123 8320 19071 9495 6786 17343 16916 11150 12650 8212
6847 3800 18547 10795 7951 19206 17458 11578 5326 5015 10835 297 19167 1679 18509 5117 11291 11901 9541 9614 10584 16215 13227 19683 14123 5571
33 4612 18631 1428 14479 4123 11185 305 15742 8441 6149 2301 17985 13889 9132 5696 17351 5565 2073 5157 18995 3606 16512 17806 19826 12605
14242 8708 10203 9337 446 14047 9189 8460 17624 17277 18171 10417 11215 6225 14145 4643 194 16755 5089 18457 12587 11827 15208 1191 18402 13488
7481 514 11869 17337 5194 6373 11615 16285 627 8165 18728 7932 8993 6066 13761 2553 18780 14685 7757 14734 16675 3290 6169 5389 14434 2137
13983 12934 8908 8280 14326 11670 19978 10740 2969 10060 987 16138 359 8210 6644 13038 12668 14274 12755 1258 19093 15247 11618 18638 4155 18494
9120 10751 796 13044 15523 17094 4434 1362 2670 18544 11384 11829 147 2273 6251 3631 17715 15437 1412 10306 831 10315 12866 4104 9013 13317
4657 19518 4832 13244 10030 16760 1961 5338 4108 4389 15757 1530 17026 1424 18184 12689 5905 11295 19198 2713 2645 18343 5715 8702 6606 8551
10745 8319 8494 16955 14957 5085 14707 18111 5007 1264 19185 5798 16784 1107 10357 2347 6320 14960 7822 15029 17113 5222 10933 4419 15613 18216
1873 17807 2700 16963 11251 80 2621 3407 14015 19907 11544 18686 14797 11003 12388 16790 11863 3894 4460 10383 744 5983 4099 629 11071 19905
6335 1446 13560 2032 10199 12763 1711 19675 5510 11727 2536 13376 1769 14441 11631 19796 8382 10149 18439 14864 13507 5920 1005 14867 8655 6242
12702 2100 11718 3155 4042 858 11494 699 5802 13230 447 10577 14957 18155 16253 15615 2636 1694 17550 13170 8593 910 16903 3136 2624 10931
11748 3227 15446 1083 5055 16927 9407 1205 23 12343 11065 5140 17966 4813 5261 5721 5209 7948 10756 781 15824 13045 1447 7419 7873 9226
10766 5571 7804 11537 7406 5361 13787 15168 11904 18526 4521 12665 18511 441 5313 19125 184 12776 5634 4878 639 824 10594 16714 121 1251
1546 3666 18776 4839 5018 12447 866 13721 14295 18613 10909 8125 4516 11928 16719 7099 17476 13119 2393 4253 13361 18550 11488 3163 14140 14288
8049 15438 12509 7373 12938 7866 15767 13010 19050 2261 8269 9039 17255 12183 17771 711 19792 15550 7766 9053 1320 10537 12804 3495 17513 1596
4725 12859 878 13796 12881 14187 3434 15095 19797 15138 5288 5557 11157 15543 13470 5210 19339 9296 16500 3686 12067 11318 4675 11718 15488 16997
1766 6412 8442 5796 19126 10638 9700 12455 1358 9539 18069 14129 1143 13452 8816 12293 6821 11366 4396 4330 3614 11696 5431 1023 14109 18897
13054 15188 2495 2550 13940 17855 18150 4531 5545 5012 6798 5389 7479 973 17213 4441 16156 11697 9438 10982 3882 13397 8577 5187 11222 16435
10872 17469 4737 12325 18201 10002 7685 12404 11354 12788 15442 16762 10032 13438 13313 3201 5046 4838 161 19119 19512 16944 3500 6714 19522 19763
16824 3643 8738 5525 12316 2797 1180 343 3781 11867 15751 10431 3543 14831 12094 19144 8319 15942 7494 5211 18403 18075 2553 16645 5505 844
5466 16945 13398 19931 6818 14358 13271 8654 693 19249 4399 12721 5614 14449 18512 1758 12289 2844 19274 13277 10961 7638 16606 14926 1281 15726
3335 8804 16629 16065 18048 12913 15488 8693 5931 7529 17727 11938 5227 9910 19951 4706 14972 2255 2244 15666 12885 18550 13434 18223 3022 8700
15803 7525 3633 9722 4622 11778 3085 4542 1858 4482 19218 18308 6504 231 1083 13249 18293 19717 16067 3507 15498 18335 11379 11240 3195 168
7919 7426 16309 10207 8993 7360 293 16240 11628 16678 11169 3003 2539 9986 18797 13837 7413 12042 12489 4766 7590 9433 6531 15765 11769 9270
12594 4239 3914 13146 11634 16392 15432 7492 12253 11755 14153 9090 11770 13135 9276 3450 15719 9547 3952 14614 5054 11272 7980 6125 11078 16361
7493 3603 12579 12737 15231 16827 15131 18543 7230 13083 16456 10197 15947 7623 10306 16971 53 3011 15458 10392 12919 7450 14134 1593 18854 1325
13320 3063 8633 6563 10708 5851 3706 5925 11932 926 7658 1431 265 12539 17517 147 4248 3817 19813 19853 6532 2672 15272 6478 48 17046
13605 2188 17594 5804 7677 7436 13612 12515 15554 12 14280 6884 12492 1349 8825 935 19097 11372 12041 11053 14873 4403 19526 16942 3016 8248
3383 3391 8941 790 4649 4453 12416 6785 18781 10470 6607 13800 16646 16396 3943 18336 3458 15552 4081 16678 14669 15394 5854 14906 17949 11135
4223 13638 8337 12361 2573 18513 16562 10996 7653 14870 8141 11503 15746 13444 783 14647 196 18103 13266 14617 7339 14073 7899 8297 15637 15567
4620 7479 14447 9290 11795 15931 19642 4876 17117 2869 6147 9827 16967 4022 1933 5082 11233 1202 10958 5254 15355 12789 6148 13483 16256 6293
5489 12808 1544 11107 17069 6148 10749 6003 17013 17785 19480 19093 14222 4985 16169 18701 6991 19597 14463 1078 7961 15982 19790 10409 18213 6435
16 1426 2040 4396 7957 14523 19987 7339 3573 16899 13943 9384 11080 16168 6296 5348 12210 18263 11682 14357 12806 14381 10404 15354 2206 4803
7201 3712 5104 12912 15200 17714 6881 12054 1527 697 13308 6793 2869 13511 19184 18665 13480 17722 6896 135 4468 17394 16046 10113 12456 17823
17603 2164 2565 19819 16146 501 6683 13741 11796 10226 2743 761 7835 913 19264 16798 12042 5025 15261 8467 3610 19448 14652 9124 7193 12540
12584 16607 11133 7481 19340 8646 2915 1442 5072 10339 19142 18466 15893 2074 17279 15710 14244 10467 12633 795 3820 14229 19895 4377 4644 1019
3896 14082 8122 1041 8912 8656 12592 3782 11266 9556 12246 6210 17751 17757 1953 11100 16888 18095 457 5289 16235 719 8449 10865 4511 11273
3254 18390 13685 2217 8241 18694 3414 17062 2460 19208 4202 15901 1135 17046 7320 11381 3172 18277 7109 5806 7541 13075 6599 19948 14384 11416
5176 8820 11420 17933 6579 7080 15261 10280 4209 9070 18386 14 2728 10750 10104 10592 1150 2771 462 9581 3757 5455 9021 6599 16800 18175
11349 14715 2913 13586 16473 17429 13407 4020 2633 19450 15170 10621 5706 9717 7898 14318 9395 1027 750 269 8824 2496 10260 10384 17951 9418
1587 8153 16928 4588 8505 19567 1837 12734 13716 9203 19085 7387 8305 10248 17458 16039 14706 4026 13882 12270 5555 17062 1680 7569 15640 12573
1002 7814 2657 10102 3225 5984 4216 14341 497 11867 17219 13562 4081 17279 8078 16378 9230 8799 13245 14139 15424 1912 5381 17178 11708 6634
8166 4952 7251 9857 4761 6104 18077 8205 17831 892 5939 7622 13676 5139 7974 18349 4221 19051 5505 8124 17170 9810 689 15102 6546 2043
13501 5498 12485 16565 12710 6962 12609 17472 17240 16160 3376 4154 2816 17459 381 2678 345 7963 12971 14758 9037 13515 11314 12985 8462 2511
5168 19203 7951 6877 1485 1758 16753 2196 14622 8158 14765 4406 19654 16701 9475 442 19607 4841 11508 11730 12026 9743 16441 8306 4378 737
15710 6540 19941 13005 11120 15516 9876 14430 4565 15579 9696 10874 11436 19762 12474 12971 18964 13148 16433 9761 18504 7708 6186 14133 7090 8688
16854 5485 16700 4596 19574 16953 17423 16590 15592 11197 8486 14202 9884 14949 17259 1709 6367 8421 15034 2253 598 6594 19568 3382 8400 34
7096 6062 5688 11808 19968 8771 295 540 676 19908 5487 10171 7737 12879 16377 11903 11623 2877 19073 14153 3779 810 5642 467 19460 17422
8930 11560 6835 12581 6449 10461 6044 5859 16262 4952 19379 16568 13359 19228 7428 90 1774 14291 19807 1027 4441 16464 2792 13740 10168 10870
6195 2014 11112 4527 10358 8991 15926 15769 19954 10832 8833 2552 15029 5229 3528 16791 8485 18314 13256 19923 14673 13804 5211 19905 13734 4141
3683 19153 3651 6095 15803 9640 3277 13951 8592 9048 3625 11655 16681 17564 2448 264 1340 19917 485 4538 4026 13372 12617 15772 886 10265
4601 2787 12846 18979 7376 1596 6856 13514 904 1545 19630 13087 4341 18358 9738 13326 13261 17902 1794 14604 17773 4764 18368 4165 6793 19285
5516 2925 18892 15387 9430 8777 8280 6934 13210 294 1689 17153 2299 336 9327 5062 4615 16623 4410 3752 10886 210 10594 4763 10822 18951
2050 2822 12223 6786 8318 14780 10872 15898 15418 17553 17250 2764 2649 10339 14377 12572 13215 17767 15729 18064 13954 16995 2425 7186 4709 13094
16758 10269 4855 2309 4691 5108 1128 12584 18520 3797 2231 17182 8769 18523 9919 11541 15629 13176 19381 10458 15294 16790 11312 7611 16455 1231
12578 11992 11215 16787 225 8184 18820 2521 15574 3635 12058 14260 7991 17883 795 16996 16639 3658 1319 18674 11753 1302 11985 5892 11170 8823
15926 15831 13732 42 7738 15643 11280 5266 1431 15736 17233 5403 12624 9430 19014 15849 6980 894 14884 19653 5682 14472 10330 18952 10740 14088
18608 4721 16790 14074 12826 7773 12079 12484 9673 7884 6926 8353 7923 17578 19239 12191 14926 7804 19638 11066 4799 10553 7981 4716 8411 18035
5668 17580 19544 3759 14643 15722 6711 5948 19671 11728 19832 8161 2909 17721 16276 6890 9625 12769 8959 16768 6620 11598 13327 10332 679 1419
6294 6455 19789 5359 18258 15018 2652 8219 16432 9429 15939 13755 10295 12627 1784 3769 1924 10965 5233 8720 18310 14356 10121 17955 13594 15784
12287 7221 2938 2627 2989 16584 574 19088 16812 10843 19550 3138 18465 7698 661 1351 3128 10226 2997 19270 12825 4207 18866 17406 6482 9100
9682 5201 6019 19345 7406 4486 4263 7481 8450 16253 9944 4760 8890 6698 2570 4467 13335 5963 6516 19293 563 11516 17623 15720 4135 8875
2672 9151 19632 7227 133 4699 6787 18922 110 13703 4166 4766 15891 17647 1345 16492 10444 7208 5714 14962 10374 14502 7583 9022 6184 3289
11462 16061 8918 11554 17650 19288 9264 7139 9363 18100 12860 2145 5740 12306 3728 19333 3119 16938 4537 15100 4724 13846 8572 17568 6392 5820
2242 8685 14434 10716 12326 16773 1679 11282 12780 12581 18008 4124 17730 18652 4978 1139 10007 14538 16916 18856 13626 6885 15358 6666 12826 2874
3197 17540 13176 3984 16604 15288 5502 1057 6603 7635 7887 3117 19611 12385 13319 2282 17955 6967 17224 6511 7159 16114 2977 6273 3264 16816
4267 19785 6399 18030 18901 17032 14143 19685 12940 8588 15444 19754 946 11494 11317 6747 1135 6474 14435 7053 16972 6948 229 4697 7752 14868
15461 2995 19800 9046 9503 12851 10782 9747 2905 4079 16264 12142 2895 7539 4459 13413 7866 584 15889 9270 4717 16947 12129 4770 3793 16642
10533 10492 2476 11779 6278 6561 9672 17086 13888 12414 12935 1162 4676 14446 2526 9430 5081 17259 6161 19738 16032 11466 5090 19182 4869 18763
14070 8679 6933 3826 5170 4564 14465 17571 13887 5880 1255 9793 15407 18772 2794 12015 3228 3309 16196 8049 17053 1400 986 19311 2826 15258
8521 19196 8416 18431 12332 5323 7785 3996 19043 16966 5238 16274 7968 431 7421 4703 19695 4727 5057 19399 5810 2225 3460 9156 3128 8832
15329 18913 8453 18950 13757 1359 2449 4632 14795 1920 11371 10907 8321 13362 12795 726 9715 7925 6956 2921 19416 4718 8121 17134 6979 14843
10475 350 8207 13789 18947 17015 17947 4232 10875 18660 17474 12721 6567 9772 3110 14586 8836 7762 8579 10036 2774 12056 4749 14743 860 12658
14657 1702 9350 16724 13889 15342 18643 16959 6378 5253 246 8742 3505 12612 8424 6482 15885 15428 8674 16888 13243 4348 19945 16299 8786 5635
509 6807 11104 8575 3580 1022 14289 10162 10570 6309 10827 13444 4178 4060 8190 11714 15478 14464 5693 11601 14014 14298 13439 11948 19139 3459
2876 18272 14838 4293 3147 509 17199 12656 15728 7780 12887 3166 13823 1877 9710 19686 5584 9875 9127 17263 4077 18281 11055 4 4733 49
3052 11118 11066 14822 6501 7954 12271 18726 15113 8569 17886 5610 14736 13117 486 3383 155 3510 10801 6806 10239 17851 3769 16417 9870 3031
3354 17850 9459 1996 8055 3645 5391 14567 5425 5430 15245 8448 5498 14413 18708 893 18373 12403 535 4020 3291 10151 2715 12498 6837 8404
12577 7521 15175 19483 16537 18341 12059 6113 13941 274 19300 13792 19741 7658 9282 11364 16813 10283 15496 15320 8299 11291 8939 5367 6111 7282
15147 10602 760 12199 15540 9382 8100 688 3339 15049 16959 5970 6479 12736 19714 10871 18078 4354 1078 16106 13564 15302 14446 12050 390 6468
18582 6685 2232 16067 4309 2875 17006 18151 13269 9140 6811 2579 14027 747 17843 15636 11230 94 6477 9671 13725 14708 16837 9291 2103 1274
2820 11342 12416 13517 12483 7608 9279 15882 13124 18146 21 14251 9454 15896 5046 13077 14140 12939 19208 19682 9895 15390 17945 12113 9963 13721
19195 5568 11359 1220 13908 14390 14446 10169 2156 7430 10859 7570 12344 787 11103 5111 5998 16289 2265 3263 5805 19790 1048 7498 5865 324
17045 14328 14139 5882 9484 13004 14431 10207 17410 1240 5223 15690 5172 3493 3824 15518 9267 10002 9889 12818 1058 19201 8755 10873 15116 2222
1961 9624 7200 14902 10137 17963 6745 12373 2229 13891 1325 1397 2996 12086 231 9653 10119 1900 38 1084 1412 5106 19462 5545 15392 2662
19185 4563 662 18373 4422 3330 2517 2140 19907 3794 6611 3280 15965 14183 2631 3772 15518 14604 16430 5506 17690 3338 4528 12206 13832 16759
4259 2645 16598 1149 18122 8130 3088 12390 12181 17322 10621 18405 18738 17911 12857 10050 7935 18546 2999 4996 19823 13274 11939 9293 11563 16561
12243 686 261 40 4689 8447 6864 4484 6101 3795 16041 15856 4122 9028 8544 4549 1337 5642 11511 10600 6557 3115 16438 16219 4738 8235
10515 6210 3792 7961 11554 13087 3379 9005 12709 18262 11695 1048 10879 7588 12913 1105 13799 17599 8852 5218 8583 1529 8771 2607 10974 13648
255 8738 7429 5872 8303 12101 17163 3716 5601 16299 6528 18576 19995 19441 2423 13369 9344 1396 8455 170 984 19883 5199 10793 5635 13255
7674 19105 17977 6485 1034 17796 6208 14872 17915 14733 19436 10969 11358 11967 3834 547 13722 11917 6096 15725 7472 12616 19656 484 6166 16198
13545 12855 5300 5041 14053 12493 14573 7034 8280 2069 5186 18629 72 9856 6048 3235 5053 8201 5779 13039 8408 17092 13801 10499 17644 13904
16072 15207 3931 8218 19832 10325 8421 8272 9335 12301 19920 16837 763 16382 16834 16453 6651 13824 8921 13325 1187 706 13582 18204 2806 9117
833 960 16148 12780 17482 11458 17999 15458 17167 14578 18215 15561 18945 6062 19239 818 19895 11657 6889 10088 14104 2185 7182 3191 5416 19868
14849 4217 16289 10343 14425 5063 16015 8269 16097 11178 17201 7342 1471 11821 16734 8644 12905 17534 19502 3152 10050 4251 16512 4576 4764 2092
11139 6375 1450 884 16044 15429 2555 18797 17155 1656 4564 15284 18452 4436 18453 8463 2652 9911 11689 4278 15332 12144 1401 10808 3383 3299
3606 10041 10103 19009 11969 5914 232 15566 13269 13257 7010 2992 13689 8742 15935 14153 16148 12346 4765 14064 6739 13896 6293 8769 2349 4484
15236 10546 11890 9547 14741 11258 8062 5317 15111 4179 11136 7179 16292 5057 3175 17586 19210 19809 14573 10421 5707 2866 10358 5346 8923 11673
3821 3684 12413 10553 10739 10147 10920 49 6200 9909 6112 5562 18277 5211 15572 7888 2600 17159 8506 3465 1670 12414 2924 12814 15199 15880
4614 4609 1890 3704 4954 3923 13240 19906 3077 9218 2681 18897 19025 3265 7107 9900 13204 5639 17401 14831 8743 11066 5720 13227 8548 5806
5303 2807 6927 17043 11717 14937 2975 10879 16919 13904 9905 15029 1843 4588 11440 5746 16367 7411 7574 2135 4117 14417 14228 3261 11820 7362
3967 10563 4390 6531 7761 17931 10304 16271 11254 19324 15767 16525 8845 9699 597 5904 8899 6413 16399 17971 3609 10216 14408 5701 3594 1590
14919 17372 17316 18398 18441 17909 12313 13757 10403 19929 11071 7429 10841 16199 4745 17027 853 15788 4581 45 2754 18415 613 4532 3584 1800
10522 10218 6350 2054 1570 7528 5811 11791 12544 17372 12063 13720 6874 12849 1298 19540 7306 18643 240 14612 352 13595 5028 6591 2077 18969
4237 10368 9193 9661 14824 11214 17159 13544 16094 10803 8723 16920 9973 14538 17505 10881 13151 10988 13224 9185 467 7014 15300 9790 13210 14043
4253 5861 15640 6237 5597 6323 2553 8869 16469 16588 5367 19243 6060 15891 3977 15770 8130 14222 6019 3808 1782 16904 1252 2944 3095 19375
4500 4821 18446 6876 11767 11999 3272 3139 12342 16000 4116 10998 18791 17113 6657 19897 7332 19568 18680 14548 19760 9403 3127 4598 13709 3130
6176 4268 5830 8706 9031 10638 5542 14601 11011 17899 3278 2960 12986 377 2041 6180 11254 14260 8133 10842 14007 19306 4060 10754 2146 15784
19923 16160 9730 8028 12570 1935 11300 10864 5538 2942 18361 9046 15014 203 5232 4628 18278 18591 11067 14882 2215 12765 8905 15342 9280 954
13253 779 14930 3646 4319 9849 10798 9759 19884 5097 16030 14571 226 19956 10637 5086 13569 873 9788 5845 18927 5133 2564 13801 16774 14838
17504 4543 13767 11127 4332 18402 11782 19361 5522 2701 3044 7939 3681 6626 15675 6274 907 12327 10807 8660 11634 19330 8279 14513 17012 1257
10208 14607 14204 7301 15524 486 17096 19532 12960 11041 7024 18439 11432 9621 5332 5801 9210 6543 3892 11550 12385 5057 9889 8377 5495 13294
907 2544 6088 12790 13491 2566 2518 18659 8190 17553 2208 7075 10617 14834 18281 19915 3215 5555 5229 19844 19278 19933 1584 14349 8525 7005
17584 1994 16174 2400 551 1598 19471 6163 5614 16140 6529 17071 9532 18837 18609 2871 4926 12212 17870 26 10957 10151 17909 7411 19030 9954
399 18806 13520 11601 2322 10771 9173 11336 3291 9843 18483 4885 11537 1256 475 19561 13122 277 14154 7649 14111 18686 15237 9630 138 5750
18772 14886 17626 2213 448 1432 2978 4173 12890 12571 19587 5742 7205 17956 3522 976 1339 12927 13283 9272 5608 12461 861 10447 13761 16999
6586 16839 11674 19524 8062 1056 13605 16136 16806 1562 6552 11085 14998 6030 18609 6461 6958 1169 6554 3905 9622 10601 10811 9986 4714 5914
18886 13601 9034 1810 12536 3621 18640 16308 5318 12451 7273 13435 12686 4218 18353 14501 11883 1507 17196 7461 7072 16810 13093 15932 7348 18735
2563 17704 3638 5022 5413 9939 923 10457 3728 4299 17310 5888 17907 13635 8402 432 12007 4512 1457 16878 7083 14573 8849 13656 1965 8164
19311 8724 6330 11050 3441 8784 16124 12160 9628 1904 8679 3530 11769 9328 6381 11158 7621 7903 6529 6160 12401 3987 17528 8239 5534 11348
12801 880 17484 1433 17519 14212 3588 8321 6586 16750 9850 2812 3426 16388 13834 18115 11564 5880 4830 3994 9408 9656 5700 15926 9649 8096
17661 19014 7882 2545 15650 6315 11740 13974 8800 10738 3384 4602 15190 11509 16601 4249 2054 15103 13141 15798 10449 19978 10209 15863 4618 9286
1495 13456 2173 15190 19446 5816 2232 3699 12907 7578 9564 3514 13937 19119 9676 17733 1020 18547 1606 13247 13513 17162 12051 7449 8041 5342
3551 3822 17540 19832 4764 9697 11741 15905 16736 8067 14158 4885 19601 19622 6124 11195 5943 713 10968 4909 3370 16822 10305 19871 8122 3348
18413 3405 15647 17137 16170 9386 10982 2969 6841 1354 13237 8484 16784 11143 7201 19277 11150 8531 2175 14750 4171 1253 3173 14393 9208 10969
8330 14538 586 11248 10528 7946 11562 11863 11744 12294 6597 570 12904 19039 17643 10099 13123 19754 721 17861 3893 10297 792 14223 4698 3038
4097 1662 18229 9562 6455 11844 7943 18521 2715 7307 14186 10400 9393 679 2128 15100 9012 12503 7006 5256 14840 356 5172 86 5462 18738
1627 3009 12117 1779 7354 7411 16265 8367 10226 18540 12272 17576 10272 16290 16574 1636 7988 4256 6977 7605 3218 4601 3458 1360 19676 18337
2999 19332 14211 14849 14742 12958 460 17172 10445 17109 6905 4152 9813 18150 9630 13168 19491 17095 1647 15008 18699 18574 8106 12866 8647 18241
10077 3964 10289 18786 8378 16833 8755 14818 14636 3383 19240 10192 10573 2498 14277 11170 223 3553 10783 19295 3455 18259 6435 18706 164 599
592 10162 15158 3610 16935 654 16372 7750 8989 16865 9875 8654 6579 13152 19772 14642 15622 10053 10845 488 18881 19775 19692 9647 3497 11197
2987 5032 12615 14954 8593 11425 9120 7258 5998 18060 14887 15285 8488 15589 3079 2720 5651 18113 1711 8224 11802 10893 11795 1868 12579 11180
5702 9330 15601 1452 17714 16524 9923 10460 8851 10480 2461 11437 649 14707 5694 11760 9652 8664 16093 59 14598 5169 7994 11389 7645 3719
1561 12452 14587 12414 19617 1202 10630 834 415 15047 8193 6953 5769 15244 3365 13115 18414 1826 8661 3430 4495 1913 343 8441 13864 17188
19038 9335 2235 10928 15781 19148 11091 8699 10957 7583 1549 17037 7801 14490 17148 584 12537 10442 1397 17181 6650 3741 18396 7990 986 17656
10254 4905 7896 18744 16136 17716 16183 14205 5888 14637 8600 5634 1257 11819 9683 11194 8983 7504 12814 179 1943 3285 4448 19614 10816 18474
5407 634 1362 17491 5329 18984 5076 2573 4572 4950 17948 6117 13351 12744 613 12099 9444 11281 18464 523 7774 19273 327 12044 12037 11218
2827 18831 12155 11968 2120 13416 6151 11825 18846 8267 4925 6973 17182 6078 19670 4421 16566 3655 10443 19067 19094 18336 3147 5422 11720 8369
15334 8594 14635 6059 12941 13716 11809 3191 10394 4905 8501 5876 11015 14667 2651 12260 12249 8784 11528 4864 13566 6780 6544 5167 19076 15064
19483 13988 19222 8002 51 11979 4472 1010 14453 13407 18599 3103 1711 12724 9482 6531 14118 100 7513 13236 15892 16177 19657 13932 13214 13272
2000 10157 5768 5483 10499 3993 16514 14721 5215 18849 12778 7464 4120 8371 582 14995 10276 15724 11407 16646 7177 10232 18598 936 16094 4502
8888 6783 12248 508 9401 14143 7425 219 7231 19959 12679 4360 8306 18915 18144 6538 4107 12785 18500 15741 11835 15388 4425 1008 19636 12983
13877 11304 10147 4669 9506 16342 8528 13014 19612 7900 15136 6620 5990 16272 14942 1237 13436 6635 17257 9583 13937 3399 10128 8856 5343 4937
6858 10070 4272 5368 11373 6853 18905 19430 5216 1965 3432 4144 8270 18834 9391 9291 6085 2001 9143 18772 12160 3534 13554 8538 10955 19522
18385 17190 8541 3528 18176 18264 1853 972 11189 13898 19903 15856 10407 19246 7500 3909 13934 13823 2740 19418 8195 17874 11266 4923 1321 303
4130 12663 11961 923 12208 10973 16919 19414 19411 13075 17664 3641 3441 18147 6325 6921 10576 18184 13187 4728 1344 2720 1070 11614 6809 13490
18681 3796 13486 6789 11088 2966 3377 4503 8956 7721 5608 7057 12605 14261 6520 6661 373 17114 9192 13718 7051 16698 3333 11893 10910 8232
16689 7650 16344 18980 6948 18551 1676 18552 3544 8697 14162 3324 1226 3274 10742 10834 3752 9273 3205 7881 9929 18695 2126 3169 12830 15734
4888 10638 7372 4274 7799 4519 1297 18686 1775 15324 15617 17927 18080 7704 13903 8110 7126 3188 10893 5723 9678 3342 14718 14769 6614 15597
8580 15695 6246 14834 5234 19749 7012 18677 13237 11493 14090 8590 12798 5477 4288 19548 17749 16062 3601 7681 19941 11313 18541 9061 242 10013
14616 6937 12958 7364 9481 18983 10318 800 11807 1145 13973 828 18749 17969 718 1581 1749 13336 9855 14845 10866 860 18212 12516 3478 13787
8960 1430 11109 1456 2047 11437 3882 456 17228 3219 18770 17716 1127 6955 19400 19036 13496 9162 3300 3548 5920 3984 5095 18174 7835 7581
15829 19816 8516 13111 6688 1674 17106 17365 15991 2462 7487 4262 12904 15015 2174 8069 7480 3880 5093 14221 16084 13774 8399 19941 6290 18002
1210 18101 12795 5084 16161 18771 4549 1580 10050 12658 19103 15722 14947 19542 13790 10881 17464 7580 2102 9793 17520 16435 7777 11141 9952 7862
16752 14232 8925 9568 12471 10560 10484 6805 3128 9937 9806 6392 3328 7946 13389 17495 5368 10345 6974 13708 15231 8021 8997 17129 11945 12860
2168 19178 15613 14417 3170 5460 3948 17173 8737 8681 282 12787 12879 6516 813 19787 5335 1980 13629 13944 10916 13990 12445 1331 8748 15514
18761 19347 464 2824 1161 4947 18324 7752 5380 10885 13933 4579 16568 9564 15940 8086 2447 8827 4819 6343 8075 4407 434 908 14476 9048
9882 17239 666 12485 15294 5503 1260 5476 302 17093 13089 11609 3002 10269 855 15144 16683 7607 8483 12354 1936 14185 14753 16004 5430 7083
3604 17770 16899 3103 17156 7130 18321 13102 10541 9085 7567 19574 1945 10441 9143 2838 19692 19182 6077 3520 15041 750 15664 11612 8197 14252
5679 1218 17264 5779 5257 14097 6512 9853 19831 17430 18963 1677 1791 7536 778 18753 12109 8445 14903 9245 9142 17189 10846 12268 4283 2186
14449 17587 3723 3190 5031 5388 11074 13593 7107 17662 8229 11535 11597 8320 16634 356 17030 2069 13779 3640 18865 13779 15055 2427 3266 14930
4804 12513 6049 13382 18394 1113 11279 13950 9123 9263 4623 2742 18567 14532 17893 10275 19511 6177 18359 1444 7209 14565 16614 13381 4471 18147
17690 1116 6448 9297 18213 6750 8689 1807 16824 12007 9322 12585 4306 1205 6321 9845 6783 14685 9646 105 1381 14031 14297 18038 338 5456
3383 12026 13731 7553 8807 13158 16397 11604 18527 5085 2990 10733 7044 1374 12889 12310 9124 10793 6398 16518 7749 18612 19202 18603 1195 16096
8091 6728 9206 5265 6034 14784 7586 1431 2568 7593 12972 13020 13852 904 4769 9443 10108 1458 18591 6685 9767 15931 12524 3698 11426 2925
15001 11919 7335 19062 1451 3313 11736 15108 6254 10166 9476 3247 96 2230 19750 14259 6573 16229 6697 16014 18283 13282 17013 15491 5275 5057
143 17198 14902 2423 13526 10488 5871 2624 18560 11148 14921 6320 16032 13758 1671 5165 8204 9560 17636 9647 14276 19335 63 16156 2254 15459
9541 15299 18161 12015 15723 2290 10099 6899 13713 15183 11525 14498 4742 15784 11833 2109 8424 18527 6854 19232 4438 17221 9373 2657 5806 139
18305 19149 17625 14936 18196 15821 9104 5940 170 14247 11533 9888 14326 1563 1073 1519 8148 13868 3001 1528 12301 15394 19560 6877 3835 8762
599 5695 15536 19852 1545 2195 621 8240 4769 14343 5196 7111 7836 7173 17679 586 2014 14714 16009 10875 4967 2355 2022 19531 1571 1840
7483 13159 8655 316 16199 8560 3290 18207 4910 2622 12133 10433 17118 6574 17503 6927 18387 16868 9794 17158 8124 5174 6072 11590 2207 3316
9347 13580 13873 16663 8331 17363 5014 3633 12185 13050 3948 6106 1613 13385 18316 1016 18529 8911 18766 10333 7731 554 1811 1085 713 7649
10732 3671 2992 9330 8384 15291 1888 3494 13871 7662 8678 8884 19365 19678 3627 4423 17839 3865 12134 11855 8758 11980 1768 2053 13391 9546
11872 9168 232 4516 16036 10992 7225 6700 2481 13899 11377 17495 2390 5300 5766 7646 18129 2909 9385 16410 12416 1917 11708 7052 15134 19414
18504 6612 15306 16558 3337 14504 6443 11518 19916 10260 11187 19734 806 13894 3497 10341 12748 13832 12253 7832 4349 12233 12293 12707 18327 9245
6205 6801 2240 12342 6799 6003 6335 1594 11044 12376 2065 3399 19827 17975 1521 11955 5007 5378 11720 15126 13606 11128 9832 9474 10559 14010
5601 14798 4520 15203 4573 13409 17710 11546 10393 3995 983 4747 11710 10664 6667 4007 9487 11889 1584 3074 14349 18040 7551 540 14908 15597
2149 7776 2491 6709 6784 19606 6484 11668 12172 239 9732 9168 315 11110 1945 11290 5399 13458 2565 14207 18008 4761 14931 15590 17588 10294
440 12278 759 2698 15253 15930 227 8109 17249 1909 3566 12411 3260 13427 4175 15618 18841 18586 9957 18761 12657 183 17409 1034 18780 7111
5443 19500 5814 15140 5840 14831 6261 361 16558 1484 16680 15422 15883 12727 8782 14877 11076 19980 17825 3256 5575 18854 1330 14664 15900 15717
8759 13908 7385 1529 1025 10727 12525 15922 7714 19862 19255 756 17528 6543 18575 10969 6366 5117 9642 17483 17599 5954 14317 3469 8397 12568
7111 2058 12111 12999 4891 13473 17537 16050 3422 8656 13833 11710 12027 13078 11655 13483 8557 231 6827 14994 12024 7039 3030 10378 415 12294
13713 6664 19217 13930 8137 13740 10427 3800 552 6784 9763 2444 7014 9888 2805 6718 5239 7714 18876 14238 10661 9604 5122 7877 17064 16191
228 4305 15921 2175 99 10080 14525 8771 6472 16871 17798 4599 11167 9993 4452 6061 10605 13219 9694 11471 14776 15787 13586 5815 19485 14873
6858 8652 13745 14330 16073 2021 11230 16102 11238 1604 10595 16201 11956 14378 2207 3063 17524 9282 9687 14299 11184 14912 3653 11355 14644 13513
17904 1079 13051 17749 11515 212 11610 752 19394 15412 16512 13948 7223 1931 9999 16871 17577 6380 19826 17638 7125 3761 16563 13267 3866 17997
1759 8596 10444 11133 1672 14795 4894 16658 19279 594 19588 19840 19980 13320 8201 15799 8925 17444 7309 9624 5313 8079 6590 16079 7953 7989
8872 11321 6173 18725 10680 4884 2059 12597 6345 6735 19778 6835 12492 5348 15929 9877 2606 3128 10083 7157 951 1786 11444 2858 14751 9510
10217 16134 12345 9024 7291 18330 12177 17403 19947 3578 10632 12869 12096 3875 17533 4771 15567 19984 19212 12604 17262 11482 8739 17494 4894 4479
2493 5025 3063 8436 1465 7200 16565 11663 12767 18321 11420 3461 16486 19192 15401 819 6638 17794 13457 677 13506 13933 19305 18102 18313 7997
3451 2631 11042 13600 17429 10043 7025 16165 15135 5655 19124 19233 9399 17071 17726 15366 11934 3209 60 11158 11382 15051 4948 17439 8973 1676
2054 14799 5928 16181 9877 16716 4988 5245 19414 2306 7894 16416 5298 15080 1245 3965 16942 11545 11003 14009 11458 7424 3688 13467 15909 19785
18952 16821 2919 18777 19715 19433 15325 9950 992 11179 17645 15704 3882 18375 9797 3365 12172 1362 19197 5949 10178 5969 11144 15648 7341 12417
11066 17631 444 12209 11099 18590 14625 6692 14981 13644 18547 18851 10365 14107 14044 15662 6243 5231 15735 1667 6290 1397 16235 42 5226 3421
5354 17017 6941 3673 3978 14029 6193 17312 703 5283 12379 5261 3902 13792 10990 16819 7384 14977 1954 3644 3597 6525 17207 3449 3411 18412
2796 2597 309 5896 8337 15002 19025 17193 4789 10131 9621 18691 18499 7302 10554 9112 4284 16231 5445 10791 6544 7818 4154 12901 15545 12424
1980 19305 5967 19960 628 9225 3224 1559 14037 1110 4904 6924 10013 2509 6333 645 18897 14742 12406 14324 15507 6784 8991 2450 11581 16111
14001 10857 575 1053 3771 19421 19711 15418 14407 6405 14666 16505 244 8256 8052 1357 7483 10363 16594 9063 1085 12811 12018 6812 7982 6186
10350 577 3450 1614 2899 7178 11608 19591 3479 17538 12830 8954 6539 6121 14364 14799 15024 7173 19265 3070 16440 17972 5953 4074 11181 19140
6035 2384 8502 14193 9950 6777 4364 3557 7972 6900 10149 8282 1581 3505 4857 17829 16358 8621 4413 2742 3649 6582 16550 8139 7278 4306
14833 6468 16285 16240 3367 11878 13902 17844 5819 44 13430 18712 19974 4188 19408 4302 12786 12074 17387 17843 6505 6690 11750 7416 16373 1634
13548 19815 15204 1376 17717 10525 6597 10331 5346 933 10656 16077 2396 18246 19989 13187 10070 18782 17603 5845 7381 548 15579 3779 6749 14621
9506 19329 9982 9513 234 11501 8852 2991 501 19461 819 15344 1540 4894 2809 1792 8414 10191 2423 2048 2624 7338 19269 19979 1131 10252
10933 19805 19934 15187 782 17430 19919 15973 13243 9495 849 7819 11663 11481 10529 5592 13750 6233 12944 1727 956 8783 19829 17822 6997 9794
4970 19533 392 13171 8444 8121 627 1307 5824 14831 19504 4883 7344 10759 9731 12822 16442 2555 16805 15615 7211 8782 8644 1099 11987 18890
9757 18524 8362 7647 10061 10889 17189 9578 8976 12380 15899 3670 2522 13664 6459 5757 6842 8984 12173 17177 14499 14449 13439 6894 17758 14567
11208 3100 7108 15651 10153 19257 3451 726 1034 2336 7667 18152 13851 10509 16464 3112 2983 15816 9685 16236 15296 1955 10142 17767 18019 15502
12156 15532 4168 17683 7422 1620 14728 18567 7877 8191 19423 7429 1134 9290 3595 12651 11039 13640 11322 4671 19382 12575 14973 4222 13590 5181
7570 1245 12244 15114 14875 3723 10791 8504 19579 4256 9745 1184 6403 17166 9580 8564 7793 2657 15032 3713 17420 15959 10517 5904 10021 16492
3412 110 6665 7237 11895 17633 5869 12223 10901 7577 10157 6356 16842 1792 12402 8408 9482 12693 8827 2760 1888 13 19191 4340 7463 18362
26 17673 4178 19270 9441 5649 5259 19139 15937 1229 16281 19521 10198 18174 7819 11716 3926 6885 7229 5029 5077 9164 16904 15631 10029 14643
9667 6312 11245 6761 4424 15133 15670 5352 16778 7293 14105 12752 9081 7140 11410 10058 15150 4338 14171 12346 14710 13399 6913 1668 8373 18649
17107 1645 15781 18893 1541 13517 19575 5706 910 500 19561 8258 5765 2256 1043 8937 10891 732 9805 12833 3362 12424 13332 10836 6737 8150
5380 19746 14529 12607 10291 14807 17527 4848 18654 3195 9255 14831 3799 4474 9951 17521 8136 16393 11172 13445 18762 10989 2215 11903 16146 476
3664 4824 4468 8387 9060 4164 7843 5304 11441 11178 16426 7265 7695 19333 1488 16858 6386 17837 16013 12219 5705 12932 15361 16239 6659 14661
17901 12592 9898 7441 3962 16908 15161 13589 8925 10357 2817 3197 4933 7422 16219 17476 5894 1925 15063 6080 17245 15752 4242 851 7799 6119
6455 19670 1035 11158 11453 15764 10147 10787 18512 11007 10585 2798 9913 13270 2420 16056 10425 19301 11486 14131 3085 3943 521 5024 17456 18525
12023 7931 801 2593 18340 3380 10066 13961 12585 9534 10550 15637 1945 7725 8950 10819 13557 10698 1840 2695 2551 1280 10263 18669 4409 1718
9902 19373 8661 19687 7306 16907 10560 18113 7037 6782 4542 14668 12353 5091 2646 8650 12305 10745 10788 9602 14235 10847 6384 570 13882 4747
10312 2407 4323 7576 17329 4218 15840 10191 19168 1516 14588 14458 17669 4818 16442 12711 2806 19965 19900 7791 14987 13653 17927 10721 18237 7359
1443 686 9012 13153 4734 7183 7523 13596 19510 16481 5737 4782 1648 7909 3191 19201 132 7811 19163 3774 2083 1355 6291 8117 5042 7119
11017 13335 17292 13380 2686 12097 19311 2886 10315 12720 4016 16739 10679 1706 2451 1593 9634 9756 1182 5562 3526 12233 11557 9323 5622 14876
13959 6211 7991 3063 4019 13604 5211 16316 19328 16917 14869 17669 17201 5843 0 3073 571 15759 5037 6780 10756 18701 1669 2806 16524 17119
8373 4208 8515 10853 13944 3886 12859 138 9333 18100 9816 13616 19924 10405 16213 10063 1765 560 16171 4185 4006 1067 6885 8197 7439 3921
17003 7313 6245 16523 9676 14194 9656 15151 15670 18756 13710 7003 6678 145 7077 11997 5440 10076 7122 1096 18265 14258 13392 17721 11116 6983
4230 9608 2865 4248 1937 10843 1648 4240 2187 17396 3602 3640 1536 3901 4812 12356 9996 996 14454 3356 6247 19895 19944 16684 18431 403
7644 5401 263 18765 14339 8658 9527 19508 19751 5936 16729 19612 12889 10335 3448 5468 3911 18047 4749 15526 5107 330 19730 1108 9731 7119
3889 8512 8451 14743 15903 7291 8839 19823 18222 14307 14947 9912 14553 7182 19493 17801 13745 3469 13701 12847 6573 3999 11924 18441 7942 649
16399 2240 675 13339 11696 6583 6717 10794 14275 3571 1499 16102 14181 10032 8952 12757 19931 9122 12545 18987 5056 4098 544 2255 5667 1382
10403 19912 11931 17361 15317 14287 6642 13143 1989 11700 16497 12574 15011 18620 19669 13191 18686 8301 19705 19291 3612 5695 9391 5615 18109 19050
17665 13261 8437 4562 18846 2645 10190 14258 9948 14234 89 16311 6706 17152 9311 6653 434 19881 16877 10076 3192 13321 11869 12524 11987 19933
12536 6888 10242 262 1921 3347 16502 13671 3613 13586 11013 7196 11146 10947 11397 12106 4813 10240 11124 2755 8341 11224 8985 9230 4976 13520
19161 12980 7233 19955 3426 7532 8817 14676 4239 9327 4536 9045 1548 308 7831 11855 10926 3823 14787 1950 8961 5031 15964 7089 7468 10927
3003 3486 8606 16075 15342 9997 13783 11908 18996 17800 6076 2980 3847 4126 13216 8917 2814 17803 19397 9493 17098 5454 15498 13591 8056 12251
8966 8876 10791 5726 8495 7118 3223 9549 12668 13118 11103 15234 3123 2271 18306 7976 5415 14993 6206 19070 11801 8710 1178 4472 249 12057
14558 9363 18532 10193 10781 5862 486 18968 9723 5357 856 14427 14532 3942 14333 15493 2696 1155 15236 14314 7379 9030 4190 19390 15667 14627
2821 11583 13570 17702 10145 16265 15502 14781 10267 18601 10129 2720 3760 3486 2488 8069 13912 14458 2238 19354 15248 742 17735 5841 4643 13473
18384 10844 5461 10994 5156 7972 15756 12846 5550 3173 11977 5221 14929 3174 4990 10881 1224 3754 9796 10220 8991 5702 19179 6794 12869 15472
18250 651 8831 13107 18663 3674 9732 12115 17685 18094 12515 9456 9679 2611 14713 7385 9481 15529 679 7814 591 3595 728 10987 13883 4680
9781 1284 3373 3214 10098 15355 10068 4592 14040 8335 11851 8501 13719 13823 18945 16935 10210 18919 15809 14317 7805 5874 14898 9395 4394 3193
18463 5964 4233 8231 9222 9076 3476 10380 3653 140 6450 2144 18899 10419 17364 1473 8731 19747 15931 14006 3936 5584 8420 6389 7592 19595
10283 5895 1225 1717 37 6404 3104 1627 16225 2999 10045 6439 16529 11672 13979 5237 7882 16465 18203 19058 5441 14876 12604 6600 1758 17369
14000 18637 16148 4916 13336 19979 16883 16640 2519 5647 18818 5547 10358 5251 13482 11817 13842 13668 9512 6772 13274 13348 19172 13661 16405 7358
15091 2811 336 19408 15598 17250 1171 10639 11035 10626 15850 18820 9260 18826 17372 2336 2001 2206 9685 6041 8951 7980 2870 3104 18719 6226
1114 9942 14310 8392 2767 16726 19931 1070 619 4250 7662 2759 13923 4294 19419 19947 11510 2507 6783 7503 15502 18562 2977 17127 7309 16670
15168 5176 15000 19769 12274 8191 4562 3708 10013 15927 16517 1933 13200 7120 14149 14861 19254 4127 12649 1280 18355 105 16498 8104 17525 18977
11989 1014 4310 2923 17192 3469 7224 5393 12726 12178 6771 2346 13406 6522 4713 7620 15423 13452 9801 11567 5162 9040 9730 13009 12263 7817
7977 6521 13536 4482 13268 9234 6757 5524 1365 10420 11155 19815 1138 9511 6147 15965 4421 1486 5428 18400 6849 12107 15097 13884 7469 17333
4194 5931 15806 17188 4716 679 19606 1310 13184 4349 2032 6634 18654 12528 6914 15647 124 13213 17262 17719 4066 8539 15178 1658 10315 15848
1778 15888 4502 4450 11558 14952 10720 1987 2743 6478 19272 30 2707 13561 8898 6793 3781 11057 7680 10950 15666 18190 12848 17940 6300 7560
12827 2322 15878 15882 563 14364 6461 56 6456 7428 10120 19952 16915 5467 3000 15876 19598 12878 12801 5689 935 2030 2549 3237 16221 19574
3119 2363 6717 12859 10527 8988 1809 19889 16409 19168 15615 17127 17842 10694 3200 11161 8500 642 8853 1967 1103 13214 11424 178 15471 18544
11498 6089 8003 6077 16657 19532 5406 9017 14369 15064 4504 7086 8857 6121 4054 7275 4573 2732 8832 14722 15414 11311 290 4715 6406 11489
8083 1422 609 8439 6143 18816 1210 14367 8515 11744 19037 3466 12308 8860 10584 13159 11173 12327 11541 10397 6328 17244 9960 16030 6446 1549
1443 9130 11687 5124 19074 15532 9956 12556 8058 801 4918 18037 8955 5678 13298 9967 8647 616 11374 3575 18478 12023 11261 16996 10716 19692
7304 16616 7784 8304 594 16802 5445 10319 17067 6833 8664 11269 8015 12829 11291 17735 12411 10500 10830 14276 13256 9591 7649 17557 3466 9133
2800 11194 15053 4839 17658 15984 17881 2728 8389 6971 5351 3876 8797 10659 18004 521 11167 16637 19 5032 11786 15760 3346 19587 7968 12691
7564 8666 1668 189 19714 11318 17662 18566 8799 10479 1010 16633 19928 58 18924 12710 7875 15094 15871 9565 4153 12638 891 7133 7460 13850
2113 3040 10185 2354 11068 4342 14066 3770 3693 6958 3357 5708 6329 6570 17540 12068 2565 17216 8180 8988 6407 16395 6317 9001 2587 6917
15714 7796 2318 19345 11331 46 19257 10021 5642 6902 585 17503 15331 17258 11318 19971 7423 13175 4566 19515 12031 16648 16649 5248 16238 2443
6816 16346 11876 15463 19514 13670 8349 5755 116 16032 8654 1327 2336 19687 1052 11287 18345 15826 14300 18728 15944 4047 6604 1616 12122 12755
8513 11285 17281 19554 11116 4596 10775 4913 3974 11693 2992 8860 11503 13085 3408 10279 19154 4637 12768 16562 9271 8298 11719 5317 18483 1854
3635 6353 15505 3037 10301 7255 8344 14515 5515 14027 6669 18138 17103 17955 14900 6131 15880 4282 15507 15774 18286 11788 19979 16460 1085 6887
5387 2145 10300 12414 16309 13011 17188 13214 1174 19368 10414 4707 5235 8592 5342 19095 5531 15125 3272 19458 11510 7342 17628 19978 13247 10498
4482 19009 17069 19897 14566 17259 3555 13037 12293 9583 10881 14480 18438 10453 12651 14939 3483 4124 16301 15865 14474 5782 7021 5660 3681 11409
4200 18842 16899 5975 19167 18249 14501 7279 7322 18242 13374 15395 5893 1465 17345 8736 9544 16396 3094 697 16108 9060 13980 1295 8227 15663
1387 17904 15488 15788 18996 17372 11026 15595 13864 17847 9029 1248 2357 2872 7478 6161 7074 8975 10360 17605 5730 17802 13276 7473 7972 16822
2892 750 11997 430 5903 10100 13178 15553 1969 4749 11939 19526 4041 10025 4770 12551 13760 15971 15376 10608 18604 5559 8182 11265 10431 5628
18872 13318 12525 10929 10704 17786 13353 4684 14523 2608 9958 12554 6404 823 17098 14391 7248 10020 349 292 9580 20 2020 19660 7882 16868
10860 11860 11491 2759 16889 19061 9183 710 4462 1943 2260 18050 10943 2500 19337 8800 4743 11291 19027 8060 19461 199 14335 17880 11141 14017
13025 12605 15165 3826 17257 173 14479 8537 3725 11762 2428 16067 10966 17290 12939 12412 3314 17503 19 5884 13465 13273 11310 1093 1884 19974
5198 11601 5867 14983 9527 15827 10247 9779 3316 11905 5679 16190 1200 15001 14144 8777 12097 6374 231 12223 8089 19983 17326 3784 6745 12553
10090 5579 975 13737 12215 15013 5833 18968 13322 9696 6398 18373 8769 11291 19897 10240 12315 19688 19695 19066 13735 3702 12374 6723 1178 6832
16073 11052 16638 7474 18243 8183 16090 15621 8179 3591 4378 4910 8891 10388 4218 1373 18666 18852 16437 12300 5438 12301 15223 1320 8417 15332
12083 10018 12788 14160 17112 2116 13751 15373 9971 8142 596 13634 9620 19942 14667 18762 19395 15809 12655 10870 11470 19816 4177 11304 10088 18886
15101 4676 16966 6712 10064 2789 14990 4585 8236 3820 5387 11777 16800 15644 18961 1331 18105 19648 6022 13741 6586 8789 304 19375 11485 32
10444 10774 3238 6294 2946 17822 12530 1371 12699 18942 9423 8056 4135 18275 3248 11343 18279 6863 6204 17024 13504 5309 14321 636 9002 8224
2793 75 14813 9665 9052 12007 1331 13725 1067 1387 6462 19909 56 4749 2821 6596 16748 12958 13343 10349 3542 3298 7927 10345 2745 5878
5880 17452 7714 15920 17201 19751 3069 14156 18510 16819 7591 16680 10963 8887 16871 12512 14546 3583 18551 5 13397 2645 11292 9647 17861 1888
1538 12179 5982 3238 8094 11759 17013 1138 10868 17960 7736 18757 7333 10384 2931 2645 1792 3239 10526 16379 12790 13235 16305 11219 11764 1521
4323 14691 3051 17795 11185 4474 13540 11211 1024 14553 13342 5652 11681 15289 15240 7844 11638 19035 424 18940 7206 17819 2493 8071 2941 19903
5837 13654 14452 7877 9869 3530 151 16160 1919 516 5102 1710 15687 4399 6360 14220 4813 1298 6702 5397 18347 725 6837 2202 5050 17629
150 6526 13141 18103 15646 304 15135 17130 13119 8881 731 14396 5723 15916 6490 2430 6354 15217 1004 10625 12662 3853 13044 5962 12612 19971
17870 13860 10211 5793 13526 18082 8753 17171 3944 13623 2879 11465 301 17743 15770 9721 12783 18632 14471 16254 11656 15619 16569 16558 8003 884
11882 7529 8119 10087 8309 14118 14323 9102 9235 4151 806 7931 4432 16300 6700 18425 18117 16220 16383 1792 18056 15456 1453 577 3297 7476
18848 2529 17666 7913 4961 13896 18629 9969 4644 7012 8503 18720 15048 9618 9191 4827 8358 7420 17928 13659 6763 8040 1304 16641 4453 9010
19306 11797 7289 8654 7174 597 17158 19774 2462 16157 8821 17668 7106 995 11694 12413 13755 14426 18192 12277 14017 8534 9163 17696 9524 11114
18910 9520 120 108 11972 4077 12306 11604 19526 16333 15722 11994 18201 5113 5176 593 12939 19356 8029 3474 4589 6579 9908 9018 15237 19564
8460 7414 9913 2015 17016 4735 7494 19627 11547 10963 18645 6571 15837 3820 16313 8283 6638 12921 13414 1408 14239 2003 12459 2316 15194 6789
10716 708 4664 14502 16534 15051 13774 16591 1173 4278 4898 7235 16078 2407 1498 2243 17621 934 84 17866 10641 2145 11858 1483 7091 15407
17962 2316 18968 6547 10130 10102 962 7279 15891 5851 7784 11264 1757 2019 14814 10382 17603 12341 1520 1415 16900 516 6061 18049 2343 7904
15998 18150 18132 16417 7830 1924 7224 14497 357 4109 1433 5524 14837 7750 15493 3134 10474 17451 14080 18764 14534 18675 7864 8103 2194 8765
12311 15843 12846 5908 9452 9591 19785 8580 177 6952 7365 7564 15304 225 2924 12998 10563 2230 16280 326 11996 14780 16228 1625 9006 18485
8899 6629 5666 19688 18310 8302 8268 16806 2897 3458 13368 12357 17317 2073 11398 8691 8671 14079 14610 14692 13392 13398 13693 8313 3354 4883
17684 17389 18209 19025 13729 609 10413 6009 13106 17233 9839 1156 10602 408 985 425 8126 12006 6619 2438 6777 1380 7079 19503 19237 6086
11358 18020 17786 9146 13726 3388 16164 4957 13948 19712 239 11769 5771 19204 15676 10926 251 24 8720 6904 17241 18830 17920 5787 12866 19887
15547 18476 16085 6654 7304 12043 15837 19332 11878 17900 14116 17067 9670 14286 8234 9299 16054 19784 3073 1538 149 8775 12765 17150 12894 6281
1882 12326 18705 17218 709 10649 16276 8079 11895 17557 10836 19340 2024 1117 7290 14460 13409 16281 9070 9258 19560 2863 581 8362 2946 3463
7764 17419 18901 10610 7528 5385 16082 13510 3880 11580 1540 3067 5036 4077 3580 12568 15876 12652 5712 10487 16238 807 17440 6327 10125 10812
19324 7836 5562 12614 16490 19336 9699 8784 3411 12776 17111 11305 2657 8657 12257 6818 19421 14128 11353 3014 73 15676 838 7990 2393 9598
3699 18543 8261 14195 1721 8279 3488 18883 12350 6866 17518 12251 6854 4990 14983 2280 17691 12331 3989 16507 5944 17001 3696 14659 6884 5711
10248 5150 19620 136 9816 14282 13618 1507 6297 18417 2414 16250 5874 7534 15054 15133 412 12878 3667 8590 7034 19194 12671 6158 2908 3303
3921 13235 6806 10231 486 3806 11885 17304 7203 18558 960 12794 1241 4516 3399 4507 2481 14612 12043 7075 5403 8772 2664 13649 10509 9527
10288 18612 17970 3763 7856 6231 13305 13419 4639 19571 2523 7850 7302 9589 14268 9469 13430 1624 2045 12871 12834 9188 853 13189 3341 204
3700 18466 664 9347 1447 628 12561 18105 18421 4691 15993 3095 2978 18770 1613 13381 6721 8104 7740 3 2372 3104 7139 6875 14409 12177
17654 11118 11419 19999 343 14250 12743 12420 19450 15845 13638 10718 4987 236 7125 6857 13182 13020 4270 16060 8754 18404 17735 1462 13655 10634
6188 562 13590 10568 5826 3804 7906 10402 12943 10432 10374 5989 6394 19241 8140 12296 3570 12635 19372 18398 19541 8116 9818 262 6001 19256
9860 11863 10569 16674 11024 19362 13405 14479 5993 11428 2806 8103 11973 11858 6552 1277 10688 16895 3086 12280 8236 18568 785 2778 9043 4435
14412 9042 9662 2400 17558 2530 19481 4568 19238 3926 2144 17435 8013 19518 1833 4257 18415 11023 3150 2495 4603 18896 5734 11462 4389 8537
17303 15543 9099 8008 17630 110 9653 7019 11441 6403 12538 16167 10730 8368 418 19504 4753 8688 7551 9964 9826 4601 8109 10642 4972 18380
2833 3517 16370 11057 2801 7642 9638 5252 1304 9035 500 879 2583 10069 8493 10419 13964 13732 4442 17304 3714 19464 13627 14737 11724 9875
18694 15597 3354 14549 13968 3687 14326 3439 10006 14594 8697 5455 12801 19761 4310 18617 13371 6271 4519 5291 16951 3046 7529 6393 12011 9760
9716 15068 16111 16451 19576 1356 11207 9088 9634 14091 18185 16374 19234 650 9242 13956 617 6337 2579 7874 9359 16625 7367 766 13620 2754
19336 17397 7332 2712 8634 3202 19005 12500 12354 4012 14649 2844 473 8820 5341 11735 16289 7734 6949 9593 11538 6311 4942 4854 16293 6974
16183 6042 5017 10704 8969 510 5092 8551 2498 14347 16703 17520 7930 13905 7845 14662 17639 1876 12069 3472 13980 9088 18605 18957 2174 16341
11467 6201 2836 6057 2246 1023 14226 4052 11188 19423 10575 3724 5175 10850 9841 17403 3694 17839 4431 11255 13542 6095 4762 1389 11082 10011
6559 8182 9371 14352 168 17009 8270 17436 3978 430 6784 6059 18718 13363 800 4285 14796 13303 14500 16661 15085 10456 17122 14367 15836 2905
8881 2126 14043 6420 2602 2738 11467 2766 12602 12874 13648 6178 11251 16158 1391 10334 16453 4370 10020 9639 18805 310 4253 1845 5494 18066
9000 10614 13210 19749 8247 13245 7492 6418 10878 15803 10593 5812 994 8866 4847 8955 7319 16817 19221 13275 4029 13765 15057 14439 13334 13565
2898 262 6918 10121 184 7536 19074 4327 5926 12369 5625 6587 13901 17349 1318 5854 565 1063 19804 4363 9073 9147 8830 19577 13377 6502
